  plot trt day lwt
1 1 1 14 0.106
2 1 1 21 0.261
3 1 1 28 0.666
4 1 1 35 2.11
5 1 1 42 3.56
6 1 1 49 6.23
7 1 1 56 8.71
8 1 1 63 13.35
9 1 1 70 16.341667
10 1 1 77 17.750833
11 2 1 14 0.104
12 2 1 21 0.269
13 2 1 28 0.778
14 2 1 35 2.12
15 2 1 42 2.93
16 2 1 49 5.29
17 2 1 56 9.5
18 2 1 70 16.966667
19 2 1 77 17.746667
20 3 1 14 0.108
21 3 1 21 0.291
22 3 1 28 0.667
23 3 1 35 2.05
24 3 1 42 3.81
25 3 1 49 6.13
26 3 1 56 10.28
27 3 1 63 18.08
28 3 1 70 20.1825
29 3 1 77 21.810833
30 4 1 14 0.105
31 4 1 21 0.299
32 4 1 28 0.844
33 4 1 35 1.32
34 4 1 42 2.24
35 4 1 49 4.68
36 4 1 56 8.82
37 4 1 63 15.09
38 4 1 70 14.66
39 4 1 77 14.004615
40 5 1 14 0.101
41 5 1 21 0.273
42 5 1 28 0.848
43 5 1 35 1.95
44 5 1 42 4.77
45 5 1 49 6.01
46 5 1 56 9.91
47 5 1 70 19.262308
48 6 1 14 0.106
49 6 1 21 0.337
50 6 1 28 0.699
51 6 1 35 1.53
52 6 1 42 3.87
53 6 1 49 5.6
54 6 1 56 9.43
55 6 1 63 13.73
56 6 1 70 17.380833
57 6 1 77 19.932308
58 7 1 14 0.102
59 7 1 21 0.275
60 7 1 28 0.767
61 7 1 35 1.45
62 7 1 42 3.95
63 7 1 49 4.94
64 7 1 56 9.64
65 7 1 70 17.88
66 7 1 77 17.724167
67 8 1 14 0.103
68 8 1 21 0.273
69 8 1 28 0.742
70 8 1 35 1.41
71 8 1 42 3.01
72 8 1 49 5.26
73 8 1 56 9.81
74 8 1 63 12.85
75 8 1 70 18.214167
76 8 1 77 19.68
77 9 2 14 0.131
78 9 2 21 0.338
79 9 2 28 0.701
80 9 2 35 1.66
81 9 2 42 4.25
82 9 2 49 9.24
83 9 2 56 12.15
84 9 2 63 16.78
85 9 2 70 15.925
86 9 2 77 17.272308
87 10 2 14 0.128
88 10 2 21 0.404
89 10 2 28 0.897
90 10 2 35 1.78
91 10 2 42 3.91
92 10 2 49 7.4
93 10 2 56 10.07
94 10 2 63 18.86
95 10 2 70 17.011667
96 10 2 77 27.37
97 11 2 14 0.131
98 11 2 21 0.379
99 11 2 28 1.126
100 11 2 35 2.44
101 11 2 42 3.89
102 11 2 49 6.91
103 11 2 56 12.49
104 11 2 63 15.67
105 11 2 70 23.763333
106 11 2 77 21.490833
107 12 2 14 0.154
108 12 2 21 0.357
109 12 2 28 1.181
110 12 2 35 1.83
111 12 2 42 4.71
112 12 2 49 10.71
113 12 2 56 9.91
114 12 2 63 15.51
115 12 2 70 14.957857
116 12 2 77 21.8
117 13 2 14 0.139
118 13 2 21 0.328
119 13 2 28 0.932
120 13 2 35 1.99
121 13 2 42 3.46
122 13 2 49 7.02
123 13 2 56 11.79
124 13 2 63 15.83
125 13 2 70 15.920833
126 13 2 77 17.441667
127 14 2 14 0.139
128 14 2 21 0.389
129 14 2 28 1.094
130 14 2 35 2.13
131 14 2 42 4.04
132 14 2 49 7.62
133 14 2 56 12.48
134 14 2 63 17.93
135 14 2 70 14.421667
136 14 2 77 30.271667
137 15 2 14 0.145
138 15 2 21 0.366
139 15 2 28 0.799
140 15 2 35 1.61
141 15 2 42 3.51
142 15 2 49 6.79
143 15 2 56 9.95
144 15 2 63 14.54
145 15 2 70 19.28
146 15 2 77 22.572727
147 16 2 14 0.13
148 16 2 21 0.355
149 16 2 28 1.09
150 16 2 35 2.28
151 16 2 42 3.94
152 16 2 49 4.96
153 16 2 56 10.92
154 16 2 63 14.02
155 16 2 70 17.994167
156 16 2 77 22.370833
157 17 3 14 0.047
158 17 3 20 0.136
159 17 3 27 0.272833
160 17 3 34 0.983333
161 17 3 41 1.796667
162 17 3 55 4.117143
163 17 3 69 11.037143
164 17 3 84 10.403333
165 18 3 14 0.035
166 18 3 20 0.112
167 18 3 27 0.268
168 18 3 34 1.053333
169 18 3 41 1.715
170 18 3 55 6.728333
171 18 3 69 10.313333
172 18 3 84 11.088333
173 19 3 14 0.044
174 19 3 20 0.146
175 19 3 27 0.3605
176 19 3 34 0.775
177 19 3 41 1.641667
178 19 3 55 3.748333
179 19 3 69 10.875
180 19 3 84 16.0275
181 20 3 14 0.049
182 20 3 20 0.097
183 20 3 27 0.2275
184 20 3 34 0.833333
185 20 3 41 1.354
186 20 3 55 5.988333
187 20 3 69 10.585
188 20 3 84 10.911429
189 21 3 14 0.039
190 21 3 20 0.121
191 21 3 27 0.271667
192 21 3 34 0.658333
193 21 3 41 2.39
194 21 3 55 5.483333
195 21 3 69 9.936667
196 21 3 84 8.888333
197 22 3 14 0.029
198 22 3 20 0.092
199 22 3 27 0.251
200 22 3 34 0.541667
201 22 3 41 1.061667
202 22 3 55 4.83
203 22 3 69 6.271667
204 22 3 84 8.583333
205 23 3 14 0.041
206 23 3 20 0.145
207 23 3 27 0.405333
208 23 3 34 0.76
209 23 3 41 1.493333
210 23 3 55 6.248333
211 23 3 69 11.111667
212 23 3 84 8.88
213 24 3 14 0.038
214 24 3 20 0.127
215 24 3 27 0.340167
216 24 3 34 0.994
217 24 3 41 2.281667
218 24 3 55 8.506
219 24 3 69 8.973333
220 24 3 84 11.632
221 25 4 14 0.07
222 25 4 20 0.208
223 25 4 27 0.600833
224 25 4 34 1.901667
225 25 4 41 2.965
226 25 4 55 8.143333
227 25 4 69 15.7
228 25 4 84 19.888333
229 26 4 14 0.068
230 26 4 20 0.252
231 26 4 27 0.5805
232 26 4 34 2.014
233 26 4 41 2.673333
234 26 4 55 8.8
235 26 4 69 14.485
236 26 4 84 22.643333
237 27 4 14 0.077
238 27 4 20 0.224
239 27 4 27 0.341333
240 27 4 34 1.74
241 27 4 41 4.524
242 27 4 55 11.656667
243 27 4 69 20.316667
244 27 4 84 21.402
245 28 4 14 0.099
246 28 4 20 0.198
247 28 4 27 0.491167
248 28 4 34 1.205
249 28 4 41 2.8
250 28 4 55 7.363333
251 28 4 69 15.141667
252 28 4 84 17.186667
253 29 4 14 0.068
254 29 4 20 0.232
255 29 4 27 0.436
256 29 4 34 1.443333
257 29 4 41 3.26
258 29 4 55 8.208333
259 29 4 69 19.406667
260 29 4 84 15.661667
261 30 4 14 0.063
262 30 4 20 0.209
263 30 4 27 0.740833
264 30 4 34 1.268333
265 30 4 41 3.89
266 30 4 55 9.092
267 30 4 69 14.49
268 30 4 84 19.095
269 31 4 14 0.133
270 31 4 20 0.303
271 31 4 27 1.117
272 31 4 34 2.18
273 31 4 41 3.536667
274 31 4 55 13.16
275 31 4 69 15.79
276 31 4 84 14.775
277 32 4 14 0.081
278 32 4 20 0.255
279 32 4 27 0.764833
280 32 4 34 1.093333
281 32 4 41 3.051667
282 32 4 55 8.105
283 32 4 69 24.424
284 32 4 84 18.918333
285 33 5 15 0.109207
286 33 5 23 0.383833
287 33 5 30 1.161667
288 33 5 37 2.34
289 33 5 43 2.87
290 33 5 51 9.538333
291 33 5 64 12.683333
292 33 5 79 18.633333
293 34 5 15 0.095
294 34 5 23 0.338333
295 34 5 30 0.758333
296 34 5 37 2.52
297 34 5 43 2.518333
298 34 5 51 5.116667
299 34 5 64 8.575
300 34 5 79 14.173333
301 35 5 15 0.088
302 35 5 23 0.613167
303 35 5 30 1.315
304 35 5 37 3.021667
305 35 5 43 5.85
306 35 5 51 7.416667
307 35 5 64 11.331667
308 35 5 79 16.883333
309 36 5 15 0.088719
310 36 5 23 0.596667
311 36 5 30 1.075
312 36 5 37 3.075
313 36 5 43 3.958333
314 36 5 51 6.033333
315 36 5 64 10.436667
316 36 5 79 17.803333
317 37 5 15 0.1013
318 37 5 23 0.375333
319 37 5 30 1.921667
320 37 5 37 2.206667
321 37 5 43 4.765
322 37 5 51 9.14
323 37 5 64 15.84
324 37 5 79 18.108333
325 38 5 15 0.109765
326 38 5 23 0.483333
327 38 5 30 1.306667
328 38 5 37 3.955
329 38 5 43 4.305
330 38 5 51 8.031667
331 38 5 64 16.083333
332 38 5 79 19.573333
333 39 5 15 0.102943
334 39 5 23 0.4145
335 39 5 30 1.663333
336 39 5 37 1.39
337 39 5 43 3.001667
338 39 5 51 6.845
339 39 5 64 16.21
340 39 5 79 19.073333
341 40 5 15 0.076697
342 40 5 23 0.371833
343 40 5 30 0.745
344 40 5 37 2.246667
345 40 5 43 4.495
346 40 5 51 5.675
347 40 5 64 16.145
348 40 5 79 18.931667
349 41 6 15 0.148741
350 41 6 23 0.687
351 41 6 30 1.571667
352 41 6 37 3.813333
353 41 6 43 4.811667
354 41 6 51 11.653333
355 41 6 64 17.376667
356 41 6 79 17.896667
357 42 6 15 0.153759
358 42 6 23 0.594167
359 42 6 30 1.2
360 42 6 37 3.145
361 42 6 43 3.803333
362 42 6 51 7.416667
363 42 6 64 13.58
364 42 6 79 20.86
365 43 6 15 0.124167
366 43 6 23 0.750333
367 43 6 30 1.458333
368 43 6 37 5.758333
369 43 6 43 5.996667
370 43 6 51 8.971667
371 43 6 64 17.071667
372 43 6 79 17.816667
373 44 6 15 0.178467
374 44 6 23 0.880833
375 44 6 30 1.381667
376 44 6 37 3.628333
377 44 6 43 5.193333
378 44 6 51 5.19
379 44 6 64 15.78
380 44 6 79 21.541667
381 45 6 15 0.139147
382 45 6 23 0.455833
383 45 6 30 1.583333
384 45 6 37 4.055
385 45 6 43 4.51
386 45 6 51 8.161667
387 45 6 64 18.715
388 45 6 79 17.955
389 46 6 15 0.162706
390 46 6 23 0.773667
391 46 6 30 0.975
392 46 6 37 3.511667
393 46 6 43 4.51
394 46 6 51 7.783333
395 46 6 64 18.118333
396 46 6 79 15.946667
397 47 6 15 0.110433
398 47 6 23 0.456
399 47 6 30 1.37
400 47 6 37 2.145
401 47 6 43 5.83
402 47 6 51 8.803333
403 47 6 64 12.235
404 47 6 79 17.785
405 48 6 15 0.146
406 48 6 23 0.563667
407 48 6 30 1.478333
408 48 6 37 2.601667
409 48 6 43 6.343333
410 48 6 51 6.131667
411 48 6 64 16.411667
412 48 6 79 16.946667
